$ 1 0.000005 1.500424758475255 50 5 50 5e-11
150 -224 -64 -64 -64 0 3 5 5
150 -224 16 -64 16 0 3 0 5
150 -224 96 -64 96 0 3 0 5
150 -224 192 -64 192 0 3 0 5
150 -224 288 -64 288 0 3 0 5
150 -224 384 -64 384 0 3 0 5
150 -224 464 -64 464 0 3 0 5
150 -224 560 -64 560 0 3 0 5
x -335 -1 -322 2 4 12 e1
x -336 18 -323 21 4 12 e2
x -337 37 -324 40 4 12 e3
x -335 -42 -322 -39 4 12 e3
x -334 -61 -321 -58 4 12 e2
x -333 -80 -320 -77 4 12 e1
x -339 117 -326 120 4 12 e3
x -338 98 -325 101 4 12 e2
x -337 79 -324 82 4 12 e1
x -338 214 -325 217 4 12 e3
x -337 195 -324 198 4 12 e2
x -336 176 -323 179 4 12 e1
x -336 309 -323 312 4 12 e3
x -335 290 -322 293 4 12 e2
x -334 271 -321 274 4 12 e1
x -337 405 -324 408 4 12 e3
x -336 386 -323 389 4 12 e2
x -335 367 -322 370 4 12 e1
x -337 485 -324 488 4 12 e3
x -336 466 -323 469 4 12 e2
x -335 447 -322 450 4 12 e1
x -337 581 -324 584 4 12 e3
x -336 562 -323 565 4 12 e2
x -335 543 -322 546 4 12 e1
I -64 -64 16 -64 0 0.5 5
I -304 -80 -224 -80 0 0.5 5
I -304 -64 -224 -64 0 0.5 5
I -304 -48 -224 -48 0 0.5 5
I -64 464 32 464 0 0.5 5
I -64 384 32 384 0 0.5 5
I -64 192 16 192 0 0.5 5
I -272 0 -224 0 0 0.5 5
I -272 16 -224 16 0 0.5 5
I -272 80 -224 80 0 0.5 5
I -272 112 -224 112 0 0.5 5
I -272 384 -224 384 0 0.5 5
I -256 480 -224 480 0 0.5 5
I -256 288 -224 288 0 0.5 5
I -256 304 -224 304 0 0.5 5
I -272 176 -224 176 0 0.5 5
152 432 176 688 176 0 8 5 5
w 16 -64 432 112 0
w -64 16 432 128 0
w -64 96 432 144 0
w 16 192 432 160 0
w -64 288 432 192 0
w 32 384 432 208 0
w 32 464 432 224 0
w -64 560 432 240 0
